1	28 
2	20 
3	11 
4	2 
5	20 
6	8 
7	27 
8	20 
9	23 
10	10 
11	10 
12	2 
13	17 
14	13 
15	7 
16	15 
17	14 
18	24 
19	21 
20	19 
21	5 
22	16 
23	4 
24	13 
25	8 
26	11 
27	10 
28	22 
29	5 
30	19 
31	26 
32	13 
33	1 
34	7 
35	3 
36	16 
37	26 
38	27 
39	19 
40	15 
41	9 
42	7 
43	24 
44	23 
45	29 
46	4 
47	12 
48	27 
49	10 
50	24 
51	11 
52	18 
53	20 
54	12 
55	2 
56	8 
57	20 
58	4 
59	4 
60	5 
61	15 
62	29 
63	14 
64	1 
65	12 
66	27 
67	28 
68	23 
69	5 
70	11 
71	17 
72	8 
73	24 
74	24 
75	2 
76	10 
77	17 
78	28 
79	14 
80	25 
81	18 
82	27 
83	8 
84	24 
85	29 
86	19 
87	2 
88	9 
89	9 
90	16 
91	1 
92	22 
93	8 
94	13 
95	27 
96	19 
97	28 
98	19 
99	10 
100	27 
101	21 
102	9 
103	6 
104	25 
105	2 
106	20 
107	2 
108	19 
109	12 
110	24 
111	9 
112	8 
113	19 
114	26 
115	5 
116	27 
117	9 
118	12 
119	18 
120	6 
121	27 
122	22 
123	6 
124	5 
125	26 
126	15 
127	16 
128	18 
129	1 
130	19 
131	24 
132	4 
133	11 
134	6 
135	16 
136	23 
137	3 
138	9 
139	16 
140	15 
141	3 
142	8 
143	4 
144	15 
145	23 
146	14 
147	5 
148	9 
149	15 
150	4 
151	13 
152	15 
153	3 
154	21 
155	17 
156	2 
157	13 
158	19 
159	12 
160	16 
161	3 
162	22 
163	2 
164	15 
165	28 
166	26 
167	21 
168	23 
169	13 
170	23 
171	7 
172	15 
173	24 
174	18 
175	2 
176	3 
177	8 
178	29 
179	7 
180	3 
181	27 
182	9 
183	8 
184	6 
185	8 
186	20 
187	14 
188	9 
189	7 
190	4 
191	18 
192	7 
193	9 
194	9 
195	29 
196	19 
197	25 
198	23 
199	22 
200	24 
201	20 
202	27 
203	3 
204	12 
205	6 
206	11 
207	24 
208	16 
209	29 
210	19 
211	8 
212	14 
213	26 
214	23 
215	6 
216	16 
217	17 
218	21 
219	3 
220	29 
221	18 
222	1 
223	20 
224	4 
225	3 
226	28 
227	12 
228	11 
229	15 
230	10 
231	12 
232	29 
233	16 
234	19 
235	4 
236	12 
237	12 
238	5 
239	18 
240	20 
241	7 
242	14 
243	20 
244	3 
245	23 
246	19 
247	1 
248	11 
249	15 
250	8 
251	18 
252	9 
253	28 
254	21 
255	28 
256	29 
257	29 
258	13 
259	16 
260	13 
261	20 
262	18 
263	8 
264	3 
265	16 
266	2 
267	14 
268	12 
269	26 
270	23 
271	29 
272	16 
273	28 
274	17 
275	6 
276	29 
277	8 
278	20 
279	18 
280	9 
281	17 
282	10 
283	26 
284	11 
285	9 
286	13 
287	17 
288	5 
289	22 
290	2 
291	2 
292	11 
293	23 
294	24 
295	12 
296	18 
297	29 
298	29 
299	15 
300	4 
301	1 
302	12 
303	22 
304	25 
305	21 
306	20 
307	6 
308	5 
309	1 
310	16 
311	2 
312	11 
313	2 
314	23 
315	22 
316	25 
317	15 
318	2 
319	1 
320	6 
321	14 
322	18 
323	2 
324	12 
325	13 
326	18 
327	29 
328	5 
329	9 
330	12 
331	23 
332	20 
333	14 
334	4 
335	15 
336	10 
337	25 
338	3 
339	17 
340	27 
341	2 
342	14 
343	29 
344	15 
345	26 
346	15 
347	25 
348	29 
349	11 
350	14 
351	10 
352	10 
353	7 
354	4 
355	12 
356	18 
357	17 
358	3 
359	9 
360	9 
361	4 
362	10 
363	14 
364	1 
365	29 
366	20 
367	2 
368	21 
369	22 
370	1 
371	1 
372	9 
373	29 
374	1 
375	21 
376	4 
377	9 
378	26 
379	25 
380	6 
381	24 
382	20 
383	1 
384	24 
385	17 
386	18 
387	15 
388	29 
389	17 
390	17 
391	10 
392	17 
393	17 
394	1 
395	9 
396	17 
397	9 
398	17 
399	24 
400	4 
401	15 
402	10 
403	12 
404	22 
405	3 
406	27 
407	18 
408	3 
409	3 
410	18 
411	1 
412	28 
413	13 
414	22 
415	2 
416	6 
417	17 
418	23 
419	27 
420	16 
421	20 
422	20 
423	12 
424	27 
425	11 
426	17 
427	28 
428	15 
429	21 
430	17 
431	20 
432	17 
433	16 
434	2 
435	25 
436	25 
437	11 
438	24 
439	21 
440	15 
441	18 
442	11 
443	7 
444	2 
445	21 
446	20 
447	7 
448	17 
449	12 
450	24 
451	17 
452	8 
453	21 
454	10 
455	8 
456	6 
457	10 
458	13 
459	29 
460	11 
461	27 
462	16 
463	24 
464	6 
465	29 
466	8 
467	21 
468	12 
469	6 
470	2 
471	6 
472	23 
473	15 
474	9 
475	3 
476	11 
477	5 
478	19 
479	13 
480	25 
481	17 
482	16 
483	2 
484	23 
485	3 
486	14 
487	12 
488	4 
489	23 
490	12 
491	29 
492	21 
493	25 
494	3 
495	17 
496	6 
497	1 
498	6 
499	18 
500	22 
501	25 
502	3 
503	11 
504	5 
505	4 
506	9 
507	27 
508	5 
509	20 
510	21 
511	27 
512	25 
513	20 
514	13 
515	19 
516	26 
517	15 
518	2 
519	28 
520	8 
521	26 
522	7 
523	13 
524	23 
525	26 
526	24 
527	23 
528	28 
529	24 
530	28 
531	20 
532	22 
533	19 
534	23 
535	29 
536	2 
537	9 
538	10 
539	5 
540	15 
541	18 
542	16 
543	11 
544	18 
545	24 
546	14 
547	20 
548	8 
549	2 
550	22 
551	24 
552	29 
553	7 
554	27 
555	19 
556	20 
557	23 
558	4 
559	26 
560	6 
561	5 
562	2 
563	13 
564	28 
565	16 
566	11 
567	18 
568	20 
569	15 
570	16 
571	13 
572	10 
573	8 
574	25 
575	21 
576	10 
577	16 
578	8 
579	22 
580	13 
581	20 
582	7 
583	2 
584	5 
585	6 
586	27 
587	19 
588	27 
589	15 
590	4 
591	28 
592	5 
593	28 
594	27 
595	9 
596	17 
597	17 
598	20 
599	7 
600	19 
601	17 
602	17 
603	26 
604	14 
605	7 
606	26 
607	16 
608	25 
609	5 
610	1 
611	27 
612	14 
613	5 
614	2 
615	9 
616	18 
617	3 
618	24 
619	8 
620	14 
621	9 
622	20 
623	12 
624	11 
625	25 
626	13 
627	14 
628	12 
629	16 
630	6 
631	14 
632	18 
633	26 
634	15 
635	27 
636	23 
637	18 
638	21 
639	10 
640	13 
641	18 
642	26 
643	19 
644	23 
645	10 
646	1 
647	18 
648	22 
649	23 
650	24 
651	20 
652	6 
653	18 
654	27 
655	22 
656	7 
657	15 
658	22 
659	10 
660	23 
661	16 
662	23 
663	29 
664	17 
665	7 
666	10 
667	2 
668	10 
669	28 
670	23 
671	29 
672	8 
673	28 
674	3 
675	28 
676	5 
677	8 
678	10 
679	8 
680	6 
681	27 
682	21 
683	9 
684	16 
685	4 
686	17 
687	6 
688	4 
689	5 
690	2 
691	3 
692	9 
693	8 
694	5 
695	6 
696	4 
697	3 
698	17 
699	15 
700	15 
701	2 
702	12 
703	18 
704	8 
705	22 
706	19 
707	27 
708	17 
709	12 
710	29 
711	5 
712	28 
713	11 
714	18 
715	14 
716	26 
717	8 
718	29 
719	17 
720	22 
721	4 
722	10 
723	16 
724	24 
725	8 
726	15 
727	5 
728	17 
729	1 
730	7 
731	18 
732	13 
733	11 
734	8 
735	9 
736	1 
737	22 
738	14 
739	4 
740	26 
741	27 
742	13 
743	20 
744	6 
745	13 
746	24 
747	29 
748	17 
749	9 
750	21 
751	12 
752	7 
753	17 
754	13 
755	16 
756	20 
757	4 
758	10 
759	5 
760	25 
761	17 
762	1 
763	25 
764	27 
765	3 
766	12 
767	10 
768	14 
769	12 
770	14 
771	27 
772	18 
773	12 
774	19 
775	16 
776	26 
777	24 
778	25 
779	11 
780	3 
781	6 
782	1 
783	2 
784	17 
785	9 
786	27 
787	9 
788	25 
789	20 
790	13 
791	19 
792	13 
793	5 
794	7 
795	10 
796	14 
797	1 
798	20 
799	21 
800	7 
801	19 
802	23 
803	16 
804	15 
805	14 
806	23 
807	13 
808	2 
809	21 
810	23 
811	13 
812	5 
813	5 
814	6 
815	8 
816	10 
817	17 
818	3 
819	2 
820	12 
821	18 
822	25 
823	3 
824	18 
825	17 
826	13 
827	8 
828	12 
829	10 
830	20 
831	17 
832	15 
833	14 
834	27 
835	15 
836	2 
837	13 
838	24 
839	1 
840	23 
841	13 
842	15 
843	27 
844	12 
845	15 
846	5 
847	15 
848	12 
849	18 
850	4 
851	18 
852	11 
853	3 
854	20 
855	16 
856	20 
857	6 
858	4 
859	9 
860	13 
861	12 
862	17 
863	13 
864	19 
865	16 
866	3 
867	23 
868	1 
869	23 
870	14 
871	15 
872	29 
873	23 
874	2 
875	16 
876	4 
877	13 
878	29 
879	24 
880	20 
881	27 
882	13 
883	13 
884	29 
885	5 
886	19 
887	19 
888	29 
889	23 
890	15 
891	29 
892	15 
893	29 
894	29 
895	9 
896	17 
897	23 
898	8 
899	2 
900	17 
901	16 
902	29 
903	23 
904	3 
905	23 
906	18 
907	5 
908	27 
909	16 
910	13 
911	5 
912	2 
913	3 
914	3 
915	2 
916	10 
917	16 
918	20 
919	16 
920	9 
921	12 
922	16 
923	12 
924	8 
925	9 
926	10 
927	16 
928	2 
929	15 
930	15 
931	29 
932	15 
933	8 
934	10 
935	16 
936	23 
937	15 
938	9 
939	23 
940	29 
941	27 
942	9 
943	13 
944	18 
945	12 
946	23 
947	15 
948	15 
949	17 
950	8 
951	2 
952	8 
953	12 
954	29 
955	20 
956	18 
957	23 
958	8 
959	17 
960	2 
961	12 
962	20 
963	13 
964	23 
965	8 
966	23 
967	2 
968	20 
969	9 
970	23 
971	2 
972	16 
973	8 
974	18 
975	15 
976	2 
977	29 
978	18 
979	16 
980	29 
981	17 
982	29 
983	12 
984	15 
985	18 
986	23 
987	12 
988	2 
989	18 
990	15 
991	23 
992	23 
993	15 
994	15 
995	18 
996	29 
997	15 
998	23 
999	18 
1000	29 
