degree distribution (probability density function of the degree in logarithmic bins) 
7.46667	0.167664
9.50318	0.0848034
11.4248	0.0501424
13.9643	0.0408279
16.9506	0.024257
20.375	0.0196813
24.7692	0.0131368
30.1633	0.00813554
37.7414	0.00791099
46.3	0.00336153

degree distribution (degree-occurrences) 
7	0.136
8	0.119
9	0.078
10	0.079
11	0.065
12	0.048
13	0.044
14	0.028
15	0.04
16	0.025
17	0.035
18	0.021
19	0.021
20	0.025
21	0.017
22	0.017
23	0.016
24	0.013
25	0.014
26	0.014
27	0.008
28	0.009
29	0.008
30	0.014
31	0.007
32	0.006
33	0.005
34	0.01
35	0.005
36	0.008
37	0.003
38	0.006
39	0.005
40	0.009
41	0.012
42	0.003
43	0.002
44	0.003
45	0.006
46	0.002
47	0.004
48	0.002
49	0.001
50	0.007


--------------------------------------
community distribution (size-occurrences)
21	0.103448
22	0.103448
25	0.0344828
26	0.0344828
28	0.0689655
29	0.103448
33	0.0344828
34	0.0689655
36	0.0344828
40	0.0344828
41	0.0689655
42	0.0344828
43	0.0689655
46	0.0689655
48	0.0689655
50	0.0344828
52	0.0344828


--------------------------------------
mixing parameter (topology)
0	0.088
0.0536712	0.009
0.0643674	0.042
0.0788701	0.113
0.0916387	0.134
0.104775	0.28
0.12243	0.172
0.133247	0.025
0.143821	0.114
0.166667	0.011
0.181283	0.01
0.25	0.001
0.285714	0.001

--------------------------------------
mixing parameter (weights)
0	0.088
0.0246453	0.002
0.0398524	0.003
0.0564815	0.008
0.0696571	0.029
0.0876738	0.072
0.100775	0.514
0.116693	0.116
0.133539	0.057
0.15022	0.034
0.162985	0.016
0.179284	0.026
0.195941	0.013
0.205763	0.003
0.223795	0.004
0.241703	0.006
0.257443	0.006
0.277432	0.001
0.289161	0.001
0.314205	0.001

--------------------------------------
internal weights (weight-occurrences)
0.303748	0.0309839
1.0858	0.0399163
1.82106	0.0636427
2.54361	0.0992324
3.24265	0.142777
3.92554	0.156874
4.62969	0.123238
5.34462	0.0905792
6.05546	0.0696441
6.76422	0.048709
7.47518	0.0329379
8.21019	0.0294487
8.93539	0.0205164
9.66329	0.0150733
10.3189	0.0140963
11.0146	0.00976971
11.7569	0.00655967
12.4242	0.00279135
13.1728	0.00195394
13.9033	0.00125611

--------------------------------------
external weights (weight-occurrences)
0.40936	0.045283
1.45047	0.0603774
2.37954	0.145912
3.29467	0.207547
4.23435	0.140881
5.15099	0.106918
5.98317	0.0918239
7.02351	0.0628931
7.95479	0.0427673
8.88028	0.0213836
9.80462	0.0238994
10.7876	0.0188679
11.7828	0.00377358
12.5119	0.0125786
13.4754	0.00503145
14.5556	0.00251572
15.2574	0.00251572
16.5928	0.00125786
17.0323	0.00125786
18.5314	0.00251572
